,loss,binary_accuracy,f1,val_loss,val_binary_accuracy,val_f1
0,0.27746060490608215,0.957314133644104,0.9545130729675293,0.40842071175575256,0.8905513286590576,0.8465510606765747
1,0.20076951384544373,0.9681911468505859,0.9661099910736084,0.5261709690093994,0.8646388053894043,0.8086485266685486
2,0.19510100781917572,0.9688649773597717,0.9668877124786377,0.5109028220176697,0.8668124079704285,0.8130596280097961
3,0.192550927400589,0.9678136706352234,0.9657799601554871,0.406278520822525,0.9014955759048462,0.8731072545051575
4,0.1935136467218399,0.9671986103057861,0.965144693851471,0.40148982405662537,0.8876552581787109,0.8520237803459167
5,0.19598421454429626,0.9648796319961548,0.9626918435096741,0.437212198972702,0.887338399887085,0.843453586101532
6,0.19555427134037018,0.9646466374397278,0.9623935222625732,0.3963469862937927,0.904125452041626,0.8732173442840576
7,0.197279691696167,0.9639385342597961,0.9616239666938782,0.3285955488681793,0.9049683213233948,0.8794571757316589
8,0.19569475948810577,0.9643140435218811,0.9620318412780762,0.4723271131515503,0.8970532417297363,0.8560817837715149
9,0.1941189020872116,0.9648802876472473,0.9625966548919678,0.38890212774276733,0.9155006408691406,0.8897441625595093
10,0.19444125890731812,0.9648452997207642,0.9625810980796814,0.5328444242477417,0.8471863269805908,0.7665836215019226
11,0.19611236453056335,0.9646156430244446,0.962358295917511,0.4741304814815521,0.8804625868797302,0.8368345499038696
12,0.1993400901556015,0.9640493988990784,0.961854875087738,0.40574854612350464,0.9000633955001831,0.8589587211608887
13,0.2002122402191162,0.9635273814201355,0.9611974358558655,0.5030044913291931,0.8908048272132874,0.8510432243347168
14,0.1969725787639618,0.9644572734832764,0.9621907472610474,0.381053626537323,0.8951077461242676,0.8567501306533813
15,0.19429853558540344,0.9648545384407043,0.9626585245132446,0.5339106917381287,0.8798288702964783,0.8280128836631775
16,0.1946103870868683,0.9644500017166138,0.9622012376785278,0.45000776648521423,0.9005132913589478,0.8726429343223572
17,0.19344890117645264,0.9652201533317566,0.9629769921302795,0.4793988764286041,0.861913800239563,0.8074175715446472
18,0.1948874443769455,0.9641477465629578,0.9618260264396667,0.4907481372356415,0.8859188556671143,0.8487357497215271
19,0.19375917315483093,0.965212881565094,0.9629817605018616,0.4870365858078003,0.8755956888198853,0.8381974101066589
20,0.19429796934127808,0.9650729894638062,0.962874710559845,0.4888485372066498,0.8912801146507263,0.8427883982658386
21,0.19588977098464966,0.9639860391616821,0.9617235660552979,0.49432727694511414,0.8733966946601868,0.8176299929618835
22,0.1976734846830368,0.9627572298049927,0.9604455828666687,0.5215234756469727,0.8749556541442871,0.8216403126716614
23,0.19553831219673157,0.9636482000350952,0.9613274335861206,0.45070937275886536,0.866153359413147,0.8145517110824585
24,0.1943175196647644,0.9638798236846924,0.9615863561630249,0.39812812209129333,0.9046387672424316,0.866239070892334
25,0.1940733641386032,0.965165376663208,0.9629215002059937,0.3857935965061188,0.9044486880302429,0.8644400835037231
26,0.19571629166603088,0.963183581829071,0.9609576463699341,0.42877471446990967,0.9112104177474976,0.8809167742729187
27,0.1919039636850357,0.9648452997207642,0.9626023769378662,0.4263601005077362,0.8750507235527039,0.8207634091377258
28,0.19031617045402527,0.9650195240974426,0.9627423286437988,0.3629644811153412,0.9188212752342224,0.8915240168571472
29,0.19072864949703217,0.96451336145401,0.9621715545654297,0.40184134244918823,0.8886882066726685,0.8558864593505859
30,0.18912817537784576,0.9647245407104492,0.9624280333518982,0.5241489410400391,0.8601330518722534,0.8014075756072998
31,0.1893400251865387,0.9655058979988098,0.9632816910743713,0.49058786034584045,0.895392894744873,0.8569852709770203
32,0.1874953657388687,0.9664238691329956,0.9642229080200195,0.5651278495788574,0.8540684580802917,0.7817242741584778
33,0.18680830299854279,0.9667142033576965,0.964631199836731,0.5354359149932861,0.8512991070747375,0.7798656225204468
34,0.18687133491039276,0.9665716886520386,0.964501678943634,0.3798275291919708,0.9077630043029785,0.8783667087554932
35,0.18784427642822266,0.9665538668632507,0.964486837387085,0.4151698350906372,0.9221673011779785,0.8953893780708313
36,0.18821534514427185,0.9667076468467712,0.9647043943405151,0.3885160982608795,0.8827566504478455,0.830639660358429
37,0.18931160867214203,0.9659546613693237,0.963933527469635,0.3638182580471039,0.9111533761024475,0.8833308815956116
38,0.188411682844162,0.9657454490661621,0.9636923670768738,0.4449855387210846,0.8739733695983887,0.8126351833343506
39,0.18907003104686737,0.9651983380317688,0.9631736278533936,0.5798950791358948,0.8492522239685059,0.7919356822967529
40,0.1895865648984909,0.9650425910949707,0.9630323648452759,0.47784364223480225,0.8897908926010132,0.8454896807670593
41,0.1895868182182312,0.9650558233261108,0.9630107879638672,0.5520300269126892,0.8539036512374878,0.7928088903427124
42,0.19139377772808075,0.964312732219696,0.9622557163238525,0.38794735074043274,0.9220912456512451,0.8956893682479858
43,0.19333048164844513,0.9638151526451111,0.9617108702659607,0.5598228573799133,0.8545183539390564,0.8065712451934814
44,0.19227269291877747,0.9639002680778503,0.9617747664451599,0.4295722544193268,0.8466539978981018,0.7890515327453613
45,0.19451601803302765,0.9630978107452393,0.9610081315040588,0.5156333446502686,0.8573320508003235,0.8100166916847229
46,0.19488155841827393,0.9629301428794861,0.9608706831932068,0.4540426433086395,0.8579847812652588,0.8013426661491394
47,0.19524678587913513,0.962684690952301,0.9605844616889954,0.3990614712238312,0.8687705993652344,0.8305817246437073
48,0.19181613624095917,0.9637834429740906,0.9617160558700562,0.4451945722103119,0.8918314576148987,0.8496320247650146
49,0.19494950771331787,0.9625896215438843,0.9604263305664062,0.38756754994392395,0.8783776760101318,0.8343095183372498
50,0.1947903335094452,0.9629506468772888,0.9608628749847412,0.4377231001853943,0.8858935236930847,0.8450031876564026
51,0.19423718750476837,0.963161826133728,0.9610486030578613,0.4150182008743286,0.8944550156593323,0.8518462181091309
52,0.19511686265468597,0.9630799889564514,0.9609734416007996,0.4162488579750061,0.8955893516540527,0.8609766364097595
53,0.1956794708967209,0.9629697799682617,0.9608711004257202,0.47904902696609497,0.839093804359436,0.7560624480247498
54,0.19512198865413666,0.9630680680274963,0.9609798192977905,0.571425199508667,0.8261533379554749,0.7384477257728577
55,0.19370225071907043,0.9634389877319336,0.9613566994667053,0.5158138871192932,0.8707478046417236,0.8194282054901123
56,0.19504238665103912,0.9630858898162842,0.9609774947166443,0.5123454332351685,0.8580608367919922,0.8138658404350281
57,0.19584344327449799,0.9626714587211609,0.9605733156204224,0.46610215306282043,0.8817617297172546,0.8417170643806458
58,0.1966141015291214,0.9625401496887207,0.960462212562561,0.46658140420913696,0.8727566599845886,0.8369143605232239
59,0.1948825567960739,0.9628912210464478,0.9608151912689209,0.5439209938049316,0.8664829134941101,0.8177512288093567
