,binary_accuracy,f1,loss
0,0.9070637822151184,0.9048256278038025,0.23475264012813568
1,0.9787715673446655,0.9782277941703796,0.059243492782115936
2,0.9819805026054382,0.981330156326294,0.04410763084888458
3,0.9854774475097656,0.9850080013275146,0.03733397647738457
4,0.9872876405715942,0.986855685710907,0.0301592368632555
5,0.9851894378662109,0.9847407937049866,0.03513159602880478
6,0.9878636002540588,0.9875564575195312,0.028298772871494293
7,0.9901674389839172,0.989902138710022,0.023978888988494873
8,0.9872464537620544,0.9869086742401123,0.029257215559482574
9,0.9881926774978638,0.9878768920898438,0.024576542899012566
